360,427,
339,425,
347,419,
292,416,
341,429,
330,418,
329,418,
310,432,
336,420,
337,413,
322,411,
346,409,
344,420,
315,421,
316,416,
335,424,
332,407,
341,443,
351,415,
334,416,
333,418,
325,415,
338,417,
329,410,
331,427,
330,433,
310,423,
346,399,
318,441,
321,442,
334,432,
328,396,
342,398,
313,433,
332,427,
341,402,
324,396,
332,421,
310,440,
337,417,
305,423,
322,425,
330,409,
352,436,
351,427,
334,424,
326,414,
339,437,
309,445,
328,416,
320,448,
312,431,
326,403,
335,415,
323,430,
314,417,
321,414,
332,411,
321,408,
354,422,
309,426,
334,428,
351,416,
324,425,
319,413,
307,430,
317,425,
330,421,
331,420,
336,408,
355,429,
345,419,
332,424,
314,417,
353,419,
331,400,
327,416,
317,410,
346,410,
347,423,
320,411,
352,428,
342,428,
331,425,
337,405,
312,430,
342,409,
310,414,
331,423,
319,410,
336,412,
314,410,
318,409,
303,412,
306,427,
335,423,
330,426,
346,419,
322,414,
320,419,
312,421,
311,408,
326,427,
344,411,
341,412,
318,420,
336,420,
327,404,
336,416,
332,429,
347,424,
340,417,
309,408,
311,435,
314,431,
314,417,
333,422,
331,396,
328,412,
342,422,
307,427,
327,413,
345,414,
361,404,
324,420,
307,437,
330,413,
355,432,
324,405,
318,426,
322,409,
317,418,
335,400,
341,437,
336,404,
332,445,
346,433,
340,423,
323,400,
331,411,
345,430,
322,421,
337,410,
307,433,
310,434,
330,429,
317,428,
320,412,
343,408,
317,412,
311,402,
326,419,
336,428,
319,428,
323,424,
335,409,
336,410,
306,414,
323,409,
320,419,
329,421,
336,427,
319,411,
335,440,
332,432,
307,424,
328,410,
336,398,
323,430,
331,429,
322,419,
342,445,
337,440,
336,426,
310,419,
324,412,
336,423,
358,429,
313,423,
338,421,
323,427,
306,424,
314,421,
337,421,
318,421,
341,420,
344,410,
342,419,
322,413,
325,420,
336,413,
310,412,
339,426,
323,428,
321,419,
352,447,
333,427,
331,424,
328,407,
325,429,
343,439,
329,429,
346,423,
325,440,
331,404,
322,440,
320,405,
337,405,
335,434,
346,428,
325,420,
312,412,
314,420,
330,421,
333,419,
316,426,
332,401,
306,429,
312,423,
330,427,
297,422,
336,440,
326,419,
325,422,
328,423,
330,444,
305,408,
313,412,
320,408,
345,418,
297,422,
317,410,
293,412,
320,417,
327,418,
345,413,
319,409,
346,420,
339,417,
314,431,
322,415,
334,434,
323,425,
333,423,
313,427,
325,429,
315,424,
332,428,
313,450,
338,421,
320,422,
321,433,
311,401,
344,420,
314,429,
356,425,
315,415,
325,431,
346,425,
331,417,
336,432,
328,416,
311,418,
325,418,
325,413,
323,414,
346,440,
332,416,
341,426,
344,429,
321,414,
330,424,
328,415,
328,409,
330,419,
346,409,
340,429,
346,418,
330,415,
360,403,
328,423,
297,405,
325,416,
336,422,
334,410,
297,418,
322,408,
341,399,
317,419,
327,433,
311,420,
327,446,
317,426,
338,433,
323,416,
321,409,
337,426,
316,398,
322,417,
345,421,
307,429,
330,436,
328,417,
329,429,
318,428,
336,421,
310,432,
330,421,
351,414,
318,424,
309,433,
336,442,
334,414,
315,419,
328,421,
328,419,
323,404,
338,417,
321,421,
321,419,
329,437,
321,413,
331,417,
335,424,
333,420,
317,405,
324,425,
336,437,
331,433,
315,438,
342,430,
323,436,
328,416,
316,421,
328,426,
312,423,
334,406,
317,422,
326,398,
340,415,
349,416,
354,428,
327,414,
337,420,
329,421,
329,428,
327,414,
323,419,
319,424,
336,423,
325,418,
328,413,
302,385,
332,425,
337,429,
323,417,
335,397,
319,426,
327,413,
332,421,
322,418,
320,399,
314,413,
332,418,
331,437,
329,411,
321,415,
324,404,
318,414,
333,414,
314,432,
326,435,
331,406,
328,422,
346,427,
330,424,
328,412,
326,404,
320,411,
305,427,
336,434,
323,431,
319,419,
312,427,
348,407,
343,425,
319,422,
317,412,
341,414,
328,427,
324,415,
308,424,
303,417,
326,435,
309,420,
327,410,
328,416,
329,414,
326,413,
320,422,
331,410,
331,422,
314,419,
322,433,
308,415,
317,415,
324,425,
315,425,
318,409,
344,404,
326,410,
347,423,
319,440,
355,416,
348,403,
325,419,
323,422,
310,418,
343,412,
334,423,
320,421,
312,416,
331,412,
323,412,
325,421,
320,420,
348,402,
326,423,
339,428,
323,437,
306,405,
328,414,
333,403,
334,425,
327,413,
325,420,
336,417,
329,433,
325,417,
336,424,
329,418,
302,427,
329,401,
353,419,
329,425,
335,411,
327,412,
348,429,
336,423,
325,434,
337,411,
306,410,
316,425,
301,409,
336,421,
322,417,
313,423,
325,435,
326,420,
333,421,
322,418,
339,414,
346,414,
317,422,
302,416,
309,422,
352,404,
341,414,
328,421,
334,425,
326,424,
337,410,
334,421,
350,432,
333,420,
330,439,
323,421,
320,421,
314,411,
338,414,
331,423,
327,421,
339,420,
347,430,
329,439,
314,418,
330,420,
322,422,
339,400,
328,426,
333,429,
312,417,
337,414,
325,432,
333,405,
332,432,
331,417,
317,412,
317,430,
298,415,
348,435,
355,404,
321,421,
329,423,
346,428,
317,406,
320,421,
316,421,
319,428,
325,429,
350,417,
316,421,
324,418,
313,405,
338,401,
323,412,
331,414,
340,411,
318,405,
321,405,
336,417,
327,442,
311,438,
317,436,
330,424,
331,419,
320,420,
321,426,
341,427,
323,436,
344,438,
326,436,
317,409,
330,430,
328,436,
312,430,
329,426,
356,414,
334,417,
343,428,
299,423,
331,428,
306,414,
323,413,
320,417,
322,421,
323,427,
336,415,
319,415,
319,429,
326,416,
345,438,
305,431,
342,416,
316,423,
325,411,
328,413,
348,407,
308,419,
332,417,
323,424,
309,430,
330,412,
322,421,
325,418,
334,427,
310,431,
320,418,
319,408,
342,414,
322,407,
329,414,
343,421,
332,416,
356,436,
307,419,
312,414,
327,412,
345,416,
353,440,
328,408,
346,439,
318,435,
335,413,
319,418,
321,419,
344,404,
316,411,
320,418,
332,417,
326,430,
326,432,
319,434,
320,434,
309,419,
335,433,
342,430,
353,417,
317,422,
316,412,
316,432,
338,421,
339,417,
326,422,
324,424,
330,426,
317,411,
334,440,
329,417,
308,413,
314,414,
324,418,
314,439,
334,398,
330,426,
316,440,
322,396,
325,427,
328,420,
344,404,
331,415,
321,411,
358,436,
323,431,
335,405,
304,410,
327,437,
341,415,
311,421,
318,420,
299,427,
312,419,
338,407,
324,414,
318,423,
339,427,
331,424,
322,430,
317,425,
340,419,
326,424,
303,426,
336,422,
315,435,
331,433,
330,419,
326,424,
315,438,
332,390,
331,418,
337,421,
328,417,
330,433,
312,422,
345,416,
325,418,
324,430,
321,429,
345,410,
313,445,
342,429,
316,409,
308,425,
345,419,
323,440,
318,428,
328,420,
314,428,
316,429,
331,434,
325,416,
334,429,
307,414,
312,423,
334,419,
342,415,
331,413,
323,409,
347,413,
312,422,
342,417,
334,414,
315,400,
325,419,
319,441,
339,424,
323,410,
311,399,
339,410,
332,412,
333,442,
331,422,
319,417,
314,424,
326,420,
315,402,
314,414,
332,416,
336,422,
325,422,
355,418,
333,409,
337,418,
291,411,
336,428,
330,430,
347,401,
340,415,
320,418,
335,409,
335,417,
328,418,
316,419,
305,416,
342,428,
305,421,
327,422,
322,429,
325,427,
317,437,
335,429,
311,410,
324,425,
337,426,
337,411,
319,402,
314,419,
329,430,
335,412,
322,414,
319,425,
326,404,
317,417,
323,428,
325,423,
327,395,
340,422,
309,414,
326,427,
298,422,
311,412,
318,422,
331,415,
333,413,
353,417,
316,401,
314,416,
313,435,
319,429,
344,423,
344,418,
307,404,
322,416,
326,428,
336,420,
326,428,
330,424,
318,413,
322,418,
344,415,
323,410,
351,415,
302,422,
333,427,
343,424,
328,424,
337,420,
339,428,
305,418,
323,417,
319,438,
331,409,
346,419,
323,415,
333,420,
331,422,
320,413,
326,405,
323,397,
331,417,
339,434,
321,431,
336,422,
329,433,
316,425,
331,426,
319,421,
305,412,
322,425,
327,419,
320,443,
297,421,
324,436,
333,440,
329,418,
332,425,
334,417,
309,429,
326,396,
334,408,
323,414,
335,408,
332,420,
337,437,
346,393,
334,406,
312,410,
315,423,
326,424,
330,417,
331,417,
301,414,
334,433,
328,426,
337,427,
323,408,
310,418,
311,422,
339,440,
331,405,
316,437,
345,410,
316,413,
321,406,
334,424,
325,411,
339,409,
323,433,
301,433,
325,414,
320,415,
332,432,
328,421,
300,431,
314,419,
315,421,
339,417,
344,413,
324,403,
339,422,
322,414,
334,421,
308,426,
339,413,
318,421,
328,422,
337,425,
310,419,
333,418,
331,410,
323,401,
314,422,
322,428,
329,420,
327,422,
319,435,
321,431,
346,407,
319,417,
344,434,
329,412,
326,421,
327,418,
312,411,
333,420,
324,402,
340,432,
329,408,
335,424,
315,434,
316,420,
316,439,
320,416,
336,413,
325,423,
331,424,
311,425,
345,414,
339,427,
343,416,
319,418,
332,414,
343,416,
317,407,
322,425,
314,425,
316,424,
326,421,
342,410,
337,408,
329,410,
307,411,
314,422,
325,427,
323,428,
303,410,
344,424,
330,425,
344,410,
317,396,
341,422,
304,405,
324,416,
329,425,
326,424,
326,418,
335,429,
339,433,
323,415,
334,409,
327,423,
336,414,
325,410,
330,420,
342,420,
326,427,
309,402,
343,420,
328,396,
348,421,
322,430,
336,432,
339,437,
355,425,
312,420,
337,413,
326,415,
317,432,
325,416,
332,414,
315,424,
334,419,
332,420,
338,421,
317,411,
326,407,
292,430,
320,430,
331,415,
336,435,
310,421,
323,423,
325,431,
315,431,
323,431,
319,420,
314,433,
317,421,
318,416,
310,441,
333,412,
318,413,
336,421,
328,415,
302,421,
311,420,
329,426,
326,422,
338,419,
327,422,
332,407,
341,420,
326,404,
345,409,
342,426,
319,421,
331,422,
308,423,
337,421,
325,427,
326,427,
317,427,
301,405,
335,410,
332,420,
321,418,
332,413,
320,418,
346,419,
312,423,
314,404,
333,415,
333,414,
334,425,
335,420,
320,423,
326,416,
320,430,
333,434,
330,412,
329,444,
304,409,
339,404,
331,421,
317,434,
318,409,
309,411,
339,425,
336,405,
321,431,
