-55 -128 2
-78 -154 2
-70 -159 2
-223 214 1
135 68 3
-220 227 1
-202 218 1
-71 -173 2
-171 245 1
155 95 3
176 63 3
-56 -140 2
-50 -129 2
-177 214 1
-214 227 1
-80 -145 2
166 87 3
-56 -151 2
-57 -153 2
146 65 3
-205 213 1
146 72 3
-187 230 1
-206 180 1
150 89 3
155 65 3
149 60 3
-207 227 1
-69 156 2
-176 207 1
-202 223 1
149 66 3
147 59 3
-61 -162 2
146 72 3
-202 196 1
156 35 3
-38 -141 2
139 74 3
-174 233 1
-224 213 1
135 59 3
152 83 3
-216 259 1
134 48 3
-186 217 1
-36 -136 2
-78 -161 2
-212 246 1
-69 -142 2
-219 206 1
-49 -144 2
-216 241 1
141 69 3
-65 -168 2
-61 -149 2
-37 -134 2
-203 211 1
-195 235 1
-62 -159 2
-57 -175 2
-200 210 1
-184 190 1
-189 211 1
-47 -118 2
-219 211 1
166 58 3
-53 -132 2
-188 185 1
160 78 3
-181 247 1
-228 221 1
-66 -156 2
-64 -113 2
141 62 3
159 59 3
-193 204 1
-66 -153 2
-217 276 1
-58 -119 2
-196 223 1
162 78 3
-65 -114 2
160 61 3
-44 -135 2
-66 -138 2
-80 -143 2
-68 -155 2
154 87 3
136 92 3
-47 -155 2
-226 202 1
-227 214 1
-41 -123 2
144 68 3
-188 241 1
139 59 3
153 70 3
-82 -169 2
-210 184 1
-68 -154 2
146 93 3
-203 243 1
150 29 3
-183 194 1
-214 209 1
157 61 3
-217 216 1
171 82 3
-219 195 1
-199 224 1
-205 214 1
-202 221 1
-78 -126 2
-205 232 1
149 78 3
-197 185 1
-52 -162 2
-64 -128 2
-183 237 1
146 78 3
-213 239 1
145 71 3
171 77 3
-66 -151 2
160 70 3
-206 228 1
-209 239 1
-213 215 1
149 48 3
145 70 3
-203 214 1
-195 212 1
154 61 3
-184 188 1
-42 -135 2
-70 -156 2
153 85 3
-77 -142 2
-56 -138 2
-189 199 1
-194 218 1
-65 -129 2
-212 222 1
-226 212 1
145 63 3
-203 219 1
-65 -141 2
-72 -144 2
-52 -148 2
-196 248 1
-201 198 1
-202 215 1
-196 244 1
157 83 3
-66 -178 2
-202 219 1
-209 225 1
-176 201 1
165 46 3
-59 -155 2
152 60 3
-193 246 1
152 91 3
167 90 3
-58 -197 2
154 92 3
-170 222 1
-188 218 1
-51 -157 2
155 58 3
-56 -155 2
151 81 3
-204 236 1
156 83 3
145 66 3
-168 180 1
-191 242 1
-63 -172 2
-189 240 1
150 57 3
153 66 3
165 94 3
-66 -137 2
149 49 3
-52 -165 2
145 77 3
-60 -165 2
-193 211 1
-52 -137 2
153 59 3
-68 -143 2
-74 -136 2
-177 225 1
-68 -143 2
-70 -154 2
-43 -165 2
166 94 3
-198 185 1
-197 254 1
-64 -155 2
158 81 3
-62 -146 2
-62 -130 2
-198 250 1
-198 211 1
-62 -145 2
-62 -352 2
136 84 3
152 59 3
159 108 3
-160 228 1
166 58 3
-45 -129 2
-55 -143 2
146 67 3
-216 209 1
167 59 3
-61 -102 2
-78 -149 2
-199 230 1
-67 -141 2
-46 -162 2
142 17 3
-202 204 1
-170 219 1
-46 -125 2
167 76 3
126 64 3
-40 -158 2
-212 228 1
145 70 3
-199 226 1
-206 223 1
140 72 3
145 52 3
166 73 3
-174 233 1
-64 -149 2
151 67 3
-161 244 1
-41 -129 2
134 79 3
-182 228 1
-43 -124 2
-47 -157 2
153 81 3
159 60 3
-207 215 1
-47 -150 2
-210 224 1
162 61 3
-223 219 1
-199 211 1
-196 247 1
-67 -130 2
168 83 3
148 66 3
143 70 3
-180 239 1
-209 204 1
146 90 3
164 51 3
-222 173 1
-89 -131 2
133 88 3
-51 -139 2
-205 217 1
139 81 3
-63 -170 2
-49 -139 2
-59 -149 2
-54 -155 2
-53 -171 2
155 89 3
-40 -167 2
-66 -168 2
144 93 3
153 85 3
-71 -111 2
146 100 3
-70 -136 2
-57 -158 2
156 84 3
153 87 3
-189 228 1
-62 -176 2
-189 188 1
-52 -135 2
-170 244 1
-170 218 1
-180 230 1
143 68 3
-179 225 1
-59 -156 2
137 77 3
-205 250 1
-82 -153 2
-227 212 1
-196 187 1
-208 270 1
-48 -162 2
-211 233 1
144 42 3
-57 -137 2
-210 264 1
-63 -151 2
-65 -144 2
-44 -145 2
-219 235 1
-65 -172 2
-69 -157 2
-210 218 1
164 76 3
-78 -133 2
-185 231 1
-65 -108 2
-194 185 1
156 62 3
-199 193 1
148 85 3
-43 -156 2
152 48 3
139 70 3
151 88 3
-193 203 1
163 75 3
-187 203 1
-200 202 1
-224 225 1
-188 206 1
-85 -146 2
-199 207 1
-32 -160 2
146 62 3
-63 -148 2
153 50 3
-64 -175 2
137 110 3
-207 213 1
-39 -160 2
-199 216 1
147 52 3
163 64 3
-188 240 1
-203 214 1
142 59 3
-54 -157 2
-178 236 1
-51 -144 2
152 54 3
134 85 3
-55 -170 2
-211 196 1
-194 240 1
-68 -140 2
157 92 3
148 103 3
-53 -125 2
-93 -145 2
-56 -147 2
-208 193 1
-63 -129 2
-213 201 1
-42 -144 2
-220 258 1
-73 -149 2
141 61 3
149 37 3
-209 211 1
139 37 3
148 69 3
-217 174 1
-60 -158 2
148 86 3
-54 -154 2
-230 222 1
153 55 3
-212 220 1
-201 223 1
139 93 3
-59 -159 2
-190 206 1
-186 243 1
-51 -119 2
-239 227 1
-221 217 1
152 65 3
-203 221 1
165 42 3
150 72 3
-199 206 1
-74 -122 2
-51 -147 2
-179 219 1
-178 202 1
152 68 3
-215 200 1
-179 173 1
-47 -151 2
159 73 3
-48 -157 2
-202 191 1
-175 214 1
154 55 3
-72 -142 2
149 76 3
-180 200 1
-56 -181 2
-188 223 1
-55 -147 2
-188 231 1
138 71 3
157 56 3
-56 -130 2
-194 254 1
-192 223 1
-211 261 1
-164 262 1
149 86 3
-29 -148 2
-84 -191 2
140 91 3
-65 -171 2
140 64 3
151 30 3
-73 -139 2
-202 234 1
146 57 3
-203 174 1
-195 185 1
153 75 3
-50 -159 2
133 92 3
-209 208 1
-183 228 1
-55 -173 2
-60 -138 2
-52 -153 2
-182 208 1
-57 -108 2
163 96 3
137 49 3
-54 -129 2
-200 182 1
143 66 3
-211 171 1
147 47 3
-211 253 1
-57 -176 2
135 83 3
155 59 3
-194 234 1
-67 -152 2
-72 -144 2
-57 -165 2
-40 -156 2
-82 -142 2
-53 -155 2
149 62 3
-196 246 1
-68 -155 2
-195 222 1
-66 -146 2
-213 175 1
-209 240 1
-66 -143 2
-216 218 1
-62 -135 2
140 77 3
-50 -167 2
157 70 3
-204 226 1
148 67 3
-227 235 1
157 68 3
141 59 3
-208 222 1
154 54 3
-52 -169 2
167 71 3
-79 -163 2
162 45 3
157 62 3
-48 -145 2
166 83 3
-64 -158 2
-196 228 1
-52 -118 2
134 78 3
-58 -116 2
-52 -136 2
-181 214 1
150 73 3
-69 -125 2
-207 225 1
124 58 3
143 58 3
-61 -168 2
-188 210 1
149 85 3
-214 246 1
-194 219 1
-225 210 1
165 81 3
-186 203 1
-217 220 1
-51 -126 2
155 74 3
-54 -146 2
158 57 3
152 85 3
-173 198 1
146 52 3
143 74 3
-188 215 1
-59 -156 2
178 44 3
-199 249 1
-55 -161 2
151 60 3
148 89 3
-204 218 1
-224 178 1
-203 208 1
-86 -135 2
-50 -165 2
-193 229 1
-199 238 1
158 77 3
-211 202 1
-219 208 1
-217 200 1
-176 235 1
143 77 3
-224 200 1
154 89 3
-216 205 1
-213 227 1
148 92 3
-46 -186 2
-52 -151 2
156 62 3
-61 -144 2
156 59 3
-199 237 1
-70 -123 2
143 67 3
156 55 3
129 72 3
-182 231 1
-52 -115 2
-216 226 1
-63 -161 2
-202 269 1
-202 209 1
154 63 3
-62 -183 2
-207 243 1
-76 -167 2
-60 -137 2
-198 233 1
-62 -137 2
-65 -152 2
152 90 3
-63 -166 2
-65 -156 2
-196 212 1
132 50 3
-76 -146 2
149 62 3
-200 244 1
-215 217 1
136 78 3
-194 196 1
-72 -126 2
119 64 3
-69 -152 2
-183 231 1
150 88 3
-170 179 1
-57 -173 2
158 94 3
-206 236 1
150 67 3
-71 -150 2
-61 -142 2
-51 -176 2
155 70 3
-223 221 1
-178 254 1
-214 223 1
-64 -160 2
-65 -137 2
155 85 3
-61 -140 2
155 45 3
145 77 3
226 -131 2
147 45 3
-205 224 1
-65 -173 2
-233 197 1
-219 221 1
-78 -124 2
150 87 3
-58 -165 2
-54 -149 2
-59 -158 2
-219 207 1
122 78 3
-54 -118 2
155 80 3
149 76 3
153 79 3
-59 -135 2
-68 -144 2
-217 217 1
-229 227 1
-243 225 1
-69 -194 2
-48 -181 2
-54 -165 2
145 55 3
-52 -183 2
130 31 3
-65 -131 2
-65 -143 2
150 40 3
144 69 3
-183 213 1
145 104 3
155 76 3
179 109 3
144 69 3
144 102 3
148 57 3
-185 230 1
159 55 3
132 85 3
-62 -154 2
-178 251 1
-212 175 1
-67 -143 2
-231 213 1
-61 -162 2
-88 -190 2
-67 -138 2
138 63 3
-205 216 1
143 55 3
156 62 3
155 73 3
-212 261 1
-57 -140 2
158 62 3
-209 218 1
150 73 3
131 58 3
143 94 3
161 66 3
-211 210 1
-231 237 1
-54 -148 2
-62 -144 2
-64 -165 2
-201 229 1
-203 212 1
-211 229 1
-197 216 1
150 85 3
-49 -133 2
-197 212 1
-50 -147 2
-71 -164 2
-73 -158 2
144 78 3
-71 -133 2
-191 210 1
139 76 3
-201 206 1
141 56 3
161 84 3
-194 210 1
140 88 3
-195 200 1
-50 -195 2
163 60 3
-72 -123 2
-57 -119 2
-187 223 1
-65 -127 2
139 88 3
151 60 3
145 46 3
167 60 3
-54 -155 2
-210 193 1
-55 -119 2
-48 -161 2
132 76 3
-53 -114 2
161 66 3
130 69 3
-67 -163 2
-201 198 1
-72 -169 2
-196 224 1
146 85 3
-186 205 1
-53 -179 2
-41 -170 2
-210 215 1
-196 220 1
165 64 3
-228 223 1
130 42 3
-219 202 1
139 66 3
-66 -166 2
-61 -138 2
130 85 3
-56 -172 2
-56 -177 2
154 75 3
155 76 3
-184 199 1
-76 -134 2
-61 -159 2
-71 -149 2
-212 213 1
-214 256 1
-56 -118 2
-68 -135 2
-43 -159 2
-61 -135 2
-193 215 1
147 61 3
150 52 3
-46 -176 2
-52 -145 2
-227 218 1
-226 187 1
-47 -132 2
-66 -137 2
-46 -134 2
-60 -144 2
-190 233 1
152 43 3
-85 -164 2
141 65 3
157 63 3
166 70 3
-174 221 1
-173 234 1
-215 191 1
131 58 3
-189 238 1
-49 -141 2
-48 -153 2
-57 -160 2
-191 223 1
-208 248 1
161 39 3
-59 -161 2
-52 -174 2
-187 183 1
-59 -154 2
-194 221 1
-60 -183 2
-173 229 1
-54 -165 2
143 85 3
155 62 3
-71 -115 2
-187 204 1
-62 -129 2
-181 169 1
165 70 3
147 73 3
163 82 3
-50 -158 2
136 86 3
-54 -146 2
165 60 3
147 55 3
-68 -123 2
-70 -152 2
155 89 3
-201 217 1
-215 222 1
-66 -161 2
-210 235 1
-207 177 1
142 74 3
-197 240 1
-62 -161 2
-179 219 1
-48 -183 2
152 69 3
-38 -150 2
-194 217 1
-49 -152 2
150 65 3
150 53 3
-188 225 1
-220 218 1
-193 204 1
159 233 3
-51 -153 2
142 72 3
157 90 3
153 85 3
147 65 3
-215 216 1
153 69 3
-189 229 1
-37 -130 2
-248 212 1
157 57 3
-68 -154 2
165 54 3
-66 -121 2
-219 216 1
-188 233 1
163 49 3
141 83 3
-68 -157 2
133 113 3
-50 -152 2
-66 -142 2
-188 184 1
-193 236 1
-47 -128 2
-216 243 1
152 78 3
149 77 3
-65 -132 2
-185 222 1
-192 196 1
-49 -156 2
-207 213 1
-61 -178 2
-176 246 1
-67 -159 2
-46 -107 2
148 70 3
-178 250 1
149 82 3
-195 237 1
153 64 3
-48 -156 2
148 65 3
-217 215 1
-68 -159 2
-84 -129 2
150 74 3
141 75 3
-204 56 1
-58 -193 2
-212 216 1
-37 -159 2
-210 230 1
149 86 3
147 87 3
144 53 3
-45 -109 2
-189 230 1
-192 227 1
161 61 3
147 54 3
-200 266 1
125 84 3
161 79 3
-62 -149 2
-202 225 1
161 75 3
-213 214 1
-65 -171 2
-222 198 1
153 75 3
145 53 3
-198 206 1
-56 -177 2
158 52 3
143 78 3
-198 225 1
137 76 3
-201 208 1
152 68 3
-68 -109 2
-66 -158 2
-183 216 1
-55 -179 2
-191 215 1
141 47 3
-224 238 1
-60 -140 2
-66 -152 2
-186 230 1
-65 -156 2
-196 227 1
-69 -129 2
-209 232 1
152 71 3
-60 -148 2
-71 -170 2
-203 223 1
-44 -159 2
-197 259 1
135 48 3
-181 232 1
-212 231 1
158 63 3
148 93 3
150 68 3
-56 -184 2
-62 -134 2
158 66 3
-68 -146 2
-231 249 1
-213 175 1
139 53 3
138 96 3
137 88 3
146 93 3
-208 217 1
-209 207 1
-53 -156 2
-73 -85 2
-201 232 1
146 74 3
155 54 3
-198 189 1
-190 177 1
150 74 3
157 55 3
-52 -139 2
-191 217 1
-74 -139 2
162 77 3
-75 -169 2
-53 -168 2
-195 223 1
-61 -141 2
151 76 3
-75 -141 2
-44 -173 2
161 77 3
-66 -172 2
152 53 3
-43 -108 2
-208 234 1
-195 236 1
-180 202 1
-66 -151 2
-196 227 1
-220 216 1
-216 211 1
150 64 3
-198 193 1
147 69 3
142 94 3
143 93 3
-201 233 1
-100 -174 2
153 59 3
-58 -123 2
-56 -122 2
-187 217 1
-162 179 1
156 74 3
154 53 3
-206 213 1
-51 -162 2
153 71 3
153 83 3
161 83 3
153 73 3
-64 -136 2
-60 -156 2
-74 -146 2
152 104 3
-42 -174 2
-217 190 1
-220 222 1
155 56 3
-160 232 1
-209 206 1
-203 217 1
-215 241 1
-55 -142 2
-184 206 1
-75 -170 2
173 38 3
-70 -170 2
-195 257 1
148 63 3
143 71 3
-56 -151 2
-179 208 1
-216 186 1
-200 217 1
-52 -132 2
-197 221 1
-203 206 1
143 85 3
153 60 3
162 76 3
-64 -130 2
-194 263 1
149 82 3
-69 -128 2
-200 243 1
-63 -156 2
-206 204 1
145 91 3
-69 -188 2
151 61 3
-201 188 1
-200 213 1
-211 228 1
167 79 3
-197 211 1
155 71 3
-210 220 1
157 83 3
-196 197 1
-187 219 1
139 97 3
-70 -181 2
135 68 3
-74 -178 2
132 59 3
132 50 3
-52 -184 2
145 82 3
155 89 3
-195 214 1
-218 233 1
-170 210 1
-63 -141 2
-65 -165 2
-186 240 1
-190 231 1
167 78 3
159 104 3
148 65 3
159 77 3
-195 238 1
-58 -152 2
-191 194 1
-86 -155 2
-181 223 1
-177 225 1
-218 262 1
-53 -175 2
-45 -148 2
-44 -162 2
-207 222 1
-208 194 1
155 66 3
-208 218 1
-175 220 1
154 62 3
145 60 3
145 72 3
148 72 3
-177 220 1
-51 -155 2
-206 198 1
157 69 3
-194 235 1
-181 198 1
-55 -170 2
-201 280 1
161 53 3
-196 222 1
-62 -144 2
155 61 3
-192 227 1
153 65 3
-201 234 1
-206 207 1
156 40 3
143 77 3
146 65 3
141 90 3
-61 -165 2
-64 -158 2
-213 265 1
-209 257 1
-228 231 1
-182 195 1
137 48 3
-59 -131 2
-71 -147 2
152 59 3
-62 -147 2
-207 198 1
-208 239 1
165 101 3
-225 226 1
-45 -151 2
163 58 3
-209 212 1
-52 -158 2
156 54 3
156 65 3
-192 214 1
-216 177 1
-57 -142 2
139 69 3
-200 204 1
-45 -180 2
-62 -136 2
143 66 3
145 72 3
-204 204 1
-42 -182 2
-207 223 1
-198 248 1
-70 -142 2
145 65 3
-213 218 1
147 72 3
151 54 3
-33 -125 2
157 74 3
-74 -166 2
146 51 3
142 67 3
-56 -164 2
-58 -129 2
-205 224 1
-165 213 1
-186 223 1
-207 214 1
-58 -163 2
-192 251 1
147 84 3
166 59 3
-208 224 1
-61 -151 2
-72 -164 2
-207 205 1
134 74 3
147 50 3
-63 -148 2
151 85 3
-82 -155 2
-66 -134 2
158 60 3
148 63 3
-222 209 1
-197 240 1
167 52 3
-54 -160 2
144 74 3
-80 -157 2
-74 -129 2
-189 218 1
-53 -130 2
-51 -136 2
140 72 3
-223 195 1
153 69 3
134 69 3
-212 213 1
-62 -149 2
166 68 3
143 71 3
166 94 3
-178 238 1
-211 219 1
-208 211 1
-186 248 1
-210 200 1
139 62 3
-182 229 1
152 88 3
-55 -149 2
177 75 3
151 90 3
-208 251 1
-213 178 1
162 61 3
-193 200 1
183 56 3
162 93 3
160 67 3
-201 207 1
-69 -120 2
141 51 3
151 69 3
153 76 3
-48 -119 2
-204 251 1
148 80 3
148 90 3
-201 240 1
-64 -139 2
138 83 3
-30 -133 2
159 74 3
-204 230 1
-213 201 1
-60 -161 2
148 93 3
-37 -145 2
-213 204 1
-63 -115 2
-222 209 1
-65 -124 2
-65 -142 2
-72 -164 2
132 54 3
-222 207 1
140 72 3
158 59 3
-55 -158 2
-208 214 1
-74 -139 2
134 51 3
139 78 3
-68 -127 2
-67 -147 2
155 81 3
-62 -136 2
-218 212 1
-181 224 1
-53 -144 2
-54 -185 2
-61 -127 2
148 67 3
-187 209 1
-71 -150 2
162 104 3
-200 186 1
-213 204 1
-63 -124 2
152 73 3
-42 -147 2
-206 219 1
-225 210 1
-68 -147 2
-190 219 1
137 96 3
146 97 3
-68 -144 2
-69 -117 2
-63 -143 2
-52 -136 2
-188 203 1
-50 -153 2
156 84 3
159 57 3
-187 261 1
-50 -141 2
-212 202 1
-71 -218 2
-188 196 1
-220 197 1
-197 218 1
168 67 3
144 82 3
-68 -153 2
-195 224 1
147 73 3
152 59 3
156 74 3
-216 242 1
-64 -141 2
-41 -143 2
-228 219 1
-82 -129 2
-226 211 1
-47 -125 2
143 88 3
-205 225 1
-55 -144 2
-59 -161 2
152 70 3
158 82 3
155 55 3
143 90 3
-49 -171 2
154 78 3
-62 -160 2
-182 231 1
-196 233 1
-194 222 1
171 68 3
-217 225 1
-199 248 1
-193 228 1
-50 -150 2
162 81 3
-195 207 1
165 76 3
-221 244 1
-201 225 1
-201 199 1
-71 -157 2
150 57 3
-46 -161 2
-209 230 1
142 81 3
-55 -156 2
-205 246 1
144 50 3
-74 -169 2
-198 190 1
-197 238 1
-60 -161 2
-71 -152 2
-202 237 1
-69 -160 2
158 69 3
-43 -151 2
-199 216 1
153 75 3
-59 -162 2
-69 -157 2
-50 -158 2
-206 263 1
134 84 3
-171 220 1
140 67 3
137 56 3
152 56 3
-185 238 1
-79 -148 2
146 86 3
-214 248 1
-196 192 1
-208 200 1
147 61 3
-209 206 1
-200 237 1
-65 -157 2
-51 -140 2
-53 -129 2
150 74 3
-180 216 1
-57 -133 2
-40 -130 2
-220 213 1
-227 229 1
-57 -149 2
-61 -130 2
-32 -147 2
159 37 3
-56 -141 2
-176 253 1
-208 222 1
154 71 3
156 61 3
152 65 3
-194 225 1
-61 -150 2
-213 202 1
139 80 3
141 88 3
-48 -155 2
-228 253 1
-73 -178 2
-27 -174 2
-61 -161 2
-71 -124 2
-205 211 1
153 63 3
-192 220 1
139 52 3
-195 226 1
-199 223 1
131 75 3
-194 229 1
-188 202 1
-67 -146 2
-36 -187 2
-193 230 1
-209 225 1
-52 -148 2
-54 -162 2
-171 225 1
-54 -100 2
-65 -172 2
-182 194 1
-196 206 1
143 86 3
-58 -173 2
-72 -167 2
-50 -121 2
150 80 3
147 74 3
-80 -133 2
-215 214 1
-60 -124 2
-200 218 1
168 40 3
-54 -178 2
-184 217 1
158 54 3
-73 -164 2
-182 261 1
-195 222 1
154 63 3
-201 251 1
149 68 3
-188 217 1
-74 -175 2
140 56 3
159 51 3
-198 208 1
-40 -125 2
-53 -124 2
169 61 3
-48 -132 2
-185 243 1
166 48 3
-81 -180 2
-49 -142 2
127 53 3
-55 -161 2
-79 -155 2
-55 -145 2
153 55 3
167 58 3
-184 237 1
-213 202 1
-208 239 1
166 77 3
152 64 3
-41 -135 2
-43 -167 2
-174 221 1
141 100 3
160 62 3
-195 217 1
-188 212 1
143 72 3
155 61 3
137 41 3
141 64 3
-80 -173 2
162 71 3
164 39 3
-182 221 1
140 75 3
137 74 3
-192 211 1
147 57 3
141 73 3
-13 -170 2
-72 -158 2
-210 208 1
-57 -136 2
-76 -184 2
155 74 3
136 84 3
-215 248 1
-190 241 1
-66 -110 2
-67 -144 2
-73 -146 2
-227 228 1
131 41 3
-176 285 1
-232 247 1
-67 -135 2
-67 -143 2
-54 -165 2
157 62 3
168 59 3
-58 -136 2
-55 -157 2
-212 227 1
-215 253 1
-224 206 1
160 98 3
-209 203 1
155 77 3
156 68 3
-30 -129 2
-64 -102 2
140 61 3
-59 -173 2
-193 198 1
-160 201 1
-50 -163 2
-58 -147 2
150 78 3
-190 225 1
-66 -127 2
-63 -130 2
143 78 3
-170 230 1
-59 -168 2
-45 -167 2
-202 226 1
-49 -174 2
-210 232 1
-198 242 1
-178 250 1
-57 -168 2
154 59 3
145 68 3
161 61 3
-74 -95 2
-193 175 1
-204 194 1
-185 231 1
140 79 3
-200 225 1
141 84 3
-188 241 1
-213 241 1
160 81 3
-61 -155 2
-65 -167 2
-51 -152 2
-72 -164 2
-69 -149 2
-68 -172 2
-192 253 1
142 56 3
145 62 3
-44 -158 2
174 53 3
-57 -137 2
-75 -148 2
-204 225 1
139 65 3
-200 217 1
-45 -145 2
-68 -151 2
-63 -157 2
-79 -144 2
152 71 3
153 81 3
-61 -153 2
-187 221 1
-184 231 1
-200 211 1
151 50 3
-189 200 1
-206 226 1
-41 -134 2
-176 220 1
-47 -158 2
161 78 3
181 70 3
164 97 3
-67 -147 2
-193 213 1
-56 -146 2
-192 233 1
144 63 3
-45 -157 2
142 92 3
-64 -165 2
-54 -160 2
-205 230 1
-54 -140 2
-56 -161 2
-195 225 1
-191 256 1
-198 227 1
148 58 3
-193 224 1
-53 -140 2
-48 -144 2
-206 214 1
146 69 3
-37 -171 2
-191 269 1
157 67 3
146 31 3
159 66 3
-63 -166 2
-50 347 2
-72 -112 2
149 85 3
-75 -146 2
-192 221 1
-198 219 1
146 40 3
-184 253 1
152 70 3
141 70 3
-72 -147 2
-41 -158 2
161 70 3
138 54 3
153 66 3
-68 -194 2
144 61 3
-56 -134 2
-64 -128 2
-60 -130 2
-199 205 1
-50 -202 2
154 64 3
-216 242 1
-47 -162 2
139 65 3
-191 233 1
-68 -151 2
-66 -144 2
-195 214 1
-60 -129 2
142 65 3
157 81 3
148 90 3
-63 -147 2
-197 239 1
174 56 3
-49 -121 2
-210 242 1
-222 246 1
151 66 3
154 91 3
146 81 3
160 67 3
-187 232 1
-187 220 1
-207 245 1
145 223 3
-60 -152 2
-203 240 1
-206 219 1
-198 193 1
-185 223 1
134 66 3
160 68 3
152 62 3
152 101 3
149 84 3
-72 -142 2
-231 234 1
-69 -159 2
-212 239 1
-74 -183 2
137 82 3
-65 -134 2
160 50 3
148 86 3
157 87 3
167 78 3
-210 192 1
142 52 3
-46 -144 2
137 82 3
-195 237 1
-229 210 1
-54 -135 2
-61 -154 2
-42 -145 2
-62 -137 2
-194 191 1
-199 180 1
-71 -164 2
-207 219 1
-59 -135 2
-225 209 1
-39 -140 2
-227 270 1
151 82 3
168 90 3
-195 256 1
-44 -169 2
-50 -150 2
-65 -163 2
-210 224 1
-64 -174 2
-211 212 1
-189 217 1
-217 208 1
-70 -167 2
151 80 3
-53 -162 2
-80 -175 2
-212 232 1
-54 -146 2
-38 -169 2
147 33 3
133 117 3
-58 -175 2
-178 208 1
146 78 3
132 78 3
-71 -181 2
-192 197 1
135 78 3
143 65 3
-226 247 1
-190 244 1
-192 218 1
-32 -181 2
140 74 3
-74 -160 2
153 76 3
152 59 3
161 73 3
140 62 3
174 54 3
181 48 3
-214 221 1
-46 -144 2
-203 200 1
-199 194 1
129 73 3
160 71 3
-203 220 1
-67 -141 2
-57 -136 2
129 53 3
147 84 3
161 61 3
147 74 3
-193 227 1
-48 -175 2
-46 -173 2
-186 233 1
147 71 3
-53 -129 2
147 71 3
-189 241 1
142 61 3
-218 225 1
-58 -130 2
-43 -165 2
-63 -141 2
-70 -159 2
-186 246 1
-62 -137 2
147 67 3
-58 -180 2
-56 -112 2
-50 -149 2
-63 -166 2
152 40 3
155 64 3
-186 217 1
-25 -139 2
-181 203 1
-179 193 1
-55 -154 2
-63 -158 2
-54 -151 2
-57 -144 2
-48 -148 2
-51 -183 2
149 64 3
-228 217 1
147 73 3
-48 -154 2
152 83 3
138 78 3
-193 214 1
-190 255 1
144 45 3
149 82 3
146 48 3
-38 -150 2
-83 -151 2
154 59 3
156 76 3
-65 -152 2
-67 -169 2
-183 194 1
154 77 3
-181 207 1
-82 -185 2
-34 -166 2
-212 196 1
-59 -151 2
-192 212 1
-76 -141 2
-226 204 1
143 79 3
-195 204 1
-38 -143 2
-195 174 1
146 64 3
-207 237 1
-52 -148 2
-65 -145 2
-232 220 1
-189 207 1
-187 213 1
-191 206 1
149 69 3
-71 -143 2
159 45 3
-78 -164 2
-183 237 1
-201 223 1
-70 -144 2
160 87 3
-46 -138 2
-66 -155 2
139 99 3
160 71 3
168 55 3
160 60 3
159 78 3
-203 196 1
-66 -156 2
-222 248 1
-215 214 1
-248 246 1
-68 -142 2
-194 259 1
-65 -138 2
-203 212 1
162 44 3
-200 203 1
-47 -182 2
-204 256 1
-191 243 1
168 59 3
-197 219 1
-211 227 1
153 62 3
-208 177 1
165 58 3
153 91 3
-218 201 1
-205 176 1
-55 -149 2
-197 219 1
-65 -132 2
-71 -137 2
157 62 3
-67 -122 2
-51 -156 2
-211 239 1
142 53 3
-74 -168 2
172 62 3
-196 208 1
-57 -126 2
137 60 3
-48 -171 2
-66 -143 2
-175 199 1
-72 -122 2
148 41 3
-59 -153 2
145 90 3
150 88 3
-70 -100 2
-175 191 1
-194 234 1
-198 217 1
143 58 3
-213 232 1
-61 -158 2
149 46 3
-177 234 1
159 64 3
-43 -157 2
-70 -152 2
153 46 3
136 84 3
171 79 3
-47 -167 2
-215 202 1
-49 -153 2
-193 205 1
147 64 3
163 85 3
-196 203 1
-195 226 1
137 78 3
-82 -159 2
-208 186 1
-204 214 1
-207 207 1
-39 -145 2
-212 214 1
166 71 3
-176 227 1
144 82 3
-74 -143 2
-40 -149 2
-212 236 1
-50 -156 2
-77 -164 2
-78 -137 2
-52 -153 2
-59 -147 2
143 71 3
-49 -158 2
-65 -150 2
154 75 3
140 69 3
166 72 3
-204 228 1
139 70 3
153 63 3
153 71 3
-40 -142 2
-216 208 1
-74 -143 2
-199 205 1
-201 209 1
150 78 3
157 77 3
-204 251 1
152 77 3
158 97 3
158 70 3
-86 -136 2
148 59 3
-187 197 1
172 75 3
151 64 3
-58 -179 2
-47 -158 2
-191 241 1
-73 -151 2
144 46 3
-193 231 1
-46 -148 2
-199 184 1
-59 -161 2
140 71 3
-193 245 1
-68 -124 2
-210 226 1
-222 234 1
164 69 3
-76 -193 2
164 77 3
161 57 3
159 94 3
-210 231 1
-214 179 1
-47 -133 2
-50 -167 2
-198 228 1
141 73 3
-67 -171 2
166 44 3
142 93 3
-186 217 1
139 32 3
138 89 3
157 76 3
162 89 3
-214 193 1
154 96 3
146 63 3
-178 222 1
-67 -139 2
-187 198 1
-57 -131 2
-75 -158 2
163 71 3
-67 -137 2
-221 197 1
-55 265 2
169 71 3
-208 233 1
146 62 3
-84 -179 2
147 74 3
-212 207 1
-184 242 1
-173 186 1
141 73 3
138 62 3
-196 244 1
-203 231 1
-57 -94 2
-60 -149 2
125 77 3
-53 -126 2
-46 -151 2
-61 -177 2
-37 -171 2
-186 247 1
217 229 1
-57 -134 2
158 75 3
-37 -142 2
151 67 3
152 74 3
-214 235 1
-170 223 1
-52 -150 2
-62 -149 2
-59 -129 2
143 77 3
163 78 3
-210 190 1
-195 224 1
-192 225 1
-72 -133 2
153 83 3
152 92 3
162 72 3
-65 -188 2
139 63 3
-198 197 1
-191 188 1
-75 -154 2
155 63 3
-168 218 1
157 66 3
-188 219 1
142 59 3
-197 195 1
143 81 3
159 57 3
-226 207 1
146 70 3
-202 219 1
151 84 3
-190 232 1
-208 204 1
-202 220 1
-57 -170 2
-214 215 1
-81 -159 2
143 78 3
162 80 3
-194 212 1
-229 240 1
155 83 3
132 102 3
145 79 3
-73 -150 2
-53 -163 2
-174 198 1
151 97 3
-217 239 1
-78 -131 2
168 79 3
-191 234 1
-196 225 1
-77 -141 2
-63 -135 2
150 39 3
148 63 3
128 75 3
-184 208 1
-43 -145 2
138 43 3
150 70 3
-86 -118 2
146 83 3
158 58 3
-214 223 1
-201 219 1
-65 -122 2
-176 197 1
-211 179 1
-172 194 1
-61 -179 2
-58 -186 2
-66 -158 2
-213 222 1
-77 -122 2
163 75 3
-191 236 1
-62 -127 2
-67 -160 2
176 55 3
-202 190 1
-84 -138 2
-60 -153 2
-48 -163 2
-60 -138 2
-195 227 1
-220 213 1
131 51 3
-194 222 1
-202 207 1
-197 183 1
166 65 3
-194 216 1
-205 227 1
-60 -156 2
-60 -169 2
155 67 3
-66 -147 2
-194 212 1
-179 220 1
-191 233 1
-75 -142 2
-204 221 1
137 75 3
-50 -176 2
-212 201 1
153 68 3
-50 -133 2
-52 -144 2
-206 212 1
-46 -133 2
-202 252 1
-219 200 1
-193 232 1
136 69 3
-190 206 1
173 61 3
-50 -147 2
163 79 3
-192 227 1
151 48 3
-70 -145 2
-84 -166 2
-198 240 1
138 84 3
-70 -175 2
167 81 3
-179 214 1
-53 -136 2
-60 -134 2
151 62 3
-221 190 1
153 60 3
-58 -174 2
-66 -153 2
-39 -170 2
-50 -188 2
144 79 3
-62 -149 2
-59 -135 2
-64 -180 2
-54 -111 2
-72 -166 2
-186 243 1
-195 219 1
-180 191 1
-49 -136 2
-197 214 1
-207 215 1
-51 -135 2
-53 -155 2
156 76 3
-70 -133 2
-49 -169 2
-75 -146 2
-202 229 1
-40 -150 2
-67 -150 2
-208 211 1
-203 229 1
-42 -140 2
-70 -111 2
-54 -131 2
143 68 3
-201 241 1
-203 237 1
-56 -174 2
-239 223 1
-46 -159 2
-60 -160 2
147 69 3
155 71 3
-185 194 1
-185 237 1
-201 247 1
152 76 3
-208 233 1
-191 253 1
-199 265 1
161 71 3
-80 -134 2
-70 -152 2
137 101 3
154 62 3
-63 -148 2
-56 -155 2
-57 -151 2
169 84 3
135 100 3
-50 -138 2
-208 227 1
-70 -154 2
-188 210 1
-210 215 1
-183 235 1
-54 -146 2
-193 224 1
-55 -144 2
160 86 3
156 59 3
140 71 3
142 59 3
145 88 3
146 84 3
-194 183 1
160 55 3
-40 -133 2
-197 228 1
-69 -144 2
-197 209 1
146 60 3
143 51 3
-194 231 1
-60 -148 2
-62 -145 2
-42 -153 2
147 76 3
-21 -134 2
-56 -162 2
-197 206 1
-188 199 1
-177 240 1
-174 208 1
-200 184 1
-184 190 1
174 71 3
165 62 3
-171 207 1
-189 196 1
-44 -136 2
154 56 3
-54 -152 2
-203 231 1
-56 -145 2
153 82 3
-221 237 1
145 88 3
-215 235 1
-48 -168 2
-208 195 1
-75 -148 2
-186 174 1
-69 -146 2
161 74 3
-179 247 1
-72 -151 2
-63 -168 2
147 54 3
-197 238 1
162 84 3
154 69 3
-52 -170 2
-204 227 1
146 76 3
-59 -166 2
-67 -106 2
-184 230 1
150 61 3
-57 -148 2
141 45 3
152 63 3
149 77 3
-41 -133 2
147 68 3
-236 218 1
-56 -129 2
-64 -168 2
-44 -152 2
-66 -162 2
-71 -153 2
-51 -120 2
-54 -174 2
-61 -161 2
-201 202 1
-183 228 1
-61 -125 2
143 84 3
152 48 3
-203 228 1
138 67 3
-197 233 1
-187 205 1
-63 -124 2
-179 215 1
-184 218 1
147 75 3
-43 -114 2
-41 -217 2
-227 247 1
-194 228 1
-60 -141 2
-216 226 1
-57 -164 2
-55 -150 2
139 77 3
153 54 3
162 55 3
-209 257 1
145 73 3
150 64 3
-57 -148 2
144 52 3
161 94 3
142 82 3
-50 -178 2
-205 197 1
153 73 3
-202 204 1
-198 230 1
-65 -120 2
-66 -157 2
-181 240 1
-190 202 1
-60 -151 2
-64 -137 2
-42 -142 2
159 67 3
-194 255 1
-237 251 1
149 81 3
-222 199 1
153 65 3
-211 212 1
158 71 3
153 85 3
167 55 3
156 81 3
-192 188 1
142 73 3
148 60 3
-198 256 1
-66 -158 2
160 61 3
-204 217 1
-54 -173 2
-47 -139 2
-214 183 1
-197 224 1
147 74 3
141 85 3
152 77 3
138 59 3
-183 211 1
-64 -160 2
158 76 3
-192 227 1
-53 -179 2
-57 -143 2
-219 239 1
-170 222 1
157 68 3
-58 -171 2
-179 195 1
-176 204 1
-74 -150 2
-205 221 1
-40 -172 2
-171 232 1
156 87 3
-42 -142 2
146 57 3
159 58 3
-56 -130 2
-68 -146 2
-41 -124 2
-211 220 1
145 80 3
-191 228 1
-203 265 1
-200 267 1
-212 203 1
-178 250 1
-180 211 1
-203 240 1
152 95 3
-213 232 1
-89 -136 2
-21 -119 2
150 48 3
165 61 3
-70 -125 2
-185 203 1
-191 207 1
-203 192 1
163 83 3
-223 215 1
143 68 3
-43 -165 2
-60 -188 2
-216 207 1
-200 219 1
151 79 3
-61 -167 2
-207 185 1
-54 -141 2
-185 187 1
-189 232 1
137 70 3
-62 -181 2
-203 186 1
-198 260 1
-72 -158 2
-223 198 1
-220 209 1
-196 233 1
-66 -147 2
-186 238 1
-208 220 1
-67 -126 2
-201 207 1
171 65 3
-52 -189 2
-225 205 1
151 58 3
-72 -167 2
-213 -231 1
-199 238 1
-70 -173 2
-58 -140 2
152 93 3
-197 172 1
-71 -175 2
-212 178 1
150 48 3
165 56 3
-66 -162 2
-190 187 1
-190 246 1
379 -157 2
140 63 3
144 72 3
-200 212 1
-216 196 1
-209 216 1
147 87 3
160 88 3
139 58 3
153 79 3
153 65 3
-187 224 1
-36 -141 2
178 58 3
125 64 3
-190 266 1
-213 254 1
-72 -140 2
-69 -154 2
-63 -142 2
144 82 3
160 95 3
145 51 3
-57 -148 2
172 90 3
163 75 3
-40 -166 2
-79 -120 2
-58 -122 2
-194 196 1
-225 209 1
154 57 3
-172 189 1
-66 -119 2
-56 -125 2
-202 234 1
152 66 3
158 73 3
-214 192 1
133 93 3
154 80 3
-195 242 1
-198 192 1
-186 232 1
149 41 3
142 89 3
-54 -129 2
165 70 3
161 73 3
-190 206 1
-57 -113 2
154 81 3
-54 -131 2
-221 216 1
153 63 3
-206 198 1
155 75 3
-60 -174 2
-198 216 1
-65 -149 2
-44 -137 2
-227 214 1
-55 -201 2
-47 -141 2
-207 236 1
-88 -148 2
-192 217 1
-207 232 1
-195 209 1
-79 -113 2
-67 -163 2
-44 -153 2
-83 -172 2
-184 233 1
-194 204 1
-202 -165 1
-189 222 1
-205 230 1
150 71 3
-199 212 1
-213 226 1
-19 -148 2
-192 238 1
-46 -130 2
-62 -143 2
-196 216 1
-54 -170 2
142 66 3
152 37 3
161 70 3
-196 210 1
139 56 3
-57 -163 2
-175 222 1
-62 -166 2
-184 237 1
151 69 3
-200 246 1
-200 190 1
158 85 3
141 79 3
151 66 3
-58 -168 2
158 73 3
-67 -154 2
-219 219 1
-200 224 1
-188 201 1
-83 -109 2
-200 260 1
-207 186 1
146 31 3
-47 -157 2
-192 224 1
-187 195 1
166 63 3
147 73 3
-173 251 1
156 89 3
-210 236 1
135 83 3
-199 214 1
145 65 3
156 84 3
-184 217 1
-198 222 1
-213 234 1
-52 -153 2
-56 -128 2
-208 204 1
-32 -156 2
-202 243 1
-195 217 1
-71 -156 2
-194 193 1
-197 233 1
-226 173 1
139 55 3
-206 228 1
-57 -123 2
-38 -144 2
-58 -136 2
-226 234 1
-204 207 1
151 66 3
-63 -136 2
-227 223 1
154 57 3
-66 -145 2
150 71 3
-203 218 1
-208 198 1
132 60 3
-67 -142 2
158 87 3
-218 246 1
-215 237 1
160 61 3
-53 -136 2
137 57 3
165 63 3
-202 221 1
156 65 3
-61 -149 2
-64 -163 2
-190 235 1
-75 -195 2
-62 -151 2
-57 -113 2
-54 -132 2
-219 188 1
146 81 3
-205 216 1
-68 -152 2
144 67 3
173 65 3
-236 201 1
-194 217 1
-75 -133 2
-197 185 1
-210 212 1
-190 217 1
-222 211 1
-80 -169 2
-51 -161 2
-64 -147 2
-202 226 1
-67 -146 2
-213 257 1
-51 -162 2
161 75 3
-214 229 1
151 76 3
-63 -139 2
160 51 3
-55 -181 2
-177 232 1
-59 -147 2
-62 -134 2
-171 236 1
-58 -131 2
-198 211 1
-67 -122 2
-217 206 1
151 50 3
-177 213 1
133 59 3
144 78 3
-70 -128 2
-198 218 1
-213 241 1
-55 -155 2
-225 233 1
-208 217 1
-185 249 1
-62 -174 2
158 65 3
143 64 3
-55 -157 2
-75 -155 2
137 73 3
-167 195 1
-189 222 1
165 87 3
-59 -116 2
-219 239 1
137 85 3
-45 -150 2
-71 -156 2
143 79 3
144 107 3
-220 214 1
-194 202 1
-212 221 1
-200 245 1
156 75 3
-171 238 1
-59 -189 2
148 80 3
-192 232 1
-203 208 1
156 74 3
145 79 3
-58 -132 2
149 68 3
149 98 3
159 50 3
-211 194 1
-193 240 1
-76 -133 2
-37 -137 2
-198 201 1
136 82 3
136 -183 3
-206 197 1
-50 -139 2
-61 -122 2
-66 -133 2
154 70 3
156 101 3
-57 -165 2
-184 242 1
-198 245 1
157 62 3
-49 -170 2
-204 209 1
-213 242 1
-196 191 1
-197 241 1
-78 -159 2
149 75 3
-60 -139 2
-176 202 1
147 53 3
152 56 3
-254 222 1
-201 203 1
-181 229 1
151 71 3
-53 -137 2
-75 -148 2
153 67 3
-171 230 1
-232 221 1
-234 251 1
-83 -151 2
142 63 3
-65 -143 2
149 73 3
149 67 3
-51 -130 2
-204 212 1
164 66 3
156 99 3
-165 224 1
140 59 3
152 71 3
161 63 3
148 58 3
151 77 3
142 65 3
-73 -95 2
-63 -174 2
-65 -165 2
-58 -151 2
160 59 3
181 53 3
152 53 3
-67 -102 2
147 62 3
-44 -187 2
140 67 3
-199 211 1
150 63 3
-177 225 1
168 87 3
157 71 3
-60 -154 2
-61 -148 2
-52 -115 2
153 67 3
129 77 3
-60 -169 2
-199 240 1
-58 -127 2
-197 212 1
150 53 3
-179 229 1
-211 214 1
-78 -138 2
128 60 3
-76 -143 2
150 45 3
140 61 3
-63 -151 2
164 47 3
-63 -147 2
170 66 3
-193 214 1
-167 217 1
159 49 3
145 50 3
-51 -126 2
-78 -168 2
164 89 3
-48 -132 2
147 40 3
-43 -133 2
-42 -141 2
-194 243 1
-222 222 1
157 68 3
149 40 3
-65 -136 2
167 58 3
159 72 3
-47 -121 2
-54 -125 2
145 62 3
148 41 3
155 83 3
-65 -188 2
-67 -135 2
154 54 3
140 86 3
-196 221 1
-72 -186 2
-59 -133 2
154 87 3
-220 209 1
-196 228 1
158 86 3
147 64 3
162 51 3
153 63 3
136 70 3
-68 -140 2
144 90 3
-62 -143 2
-58 -165 2
157 65 3
-191 208 1
-52 -153 2
-47 -172 2
160 84 3
148 85 3
136 87 3
-53 -170 2
-206 242 1
137 68 3
-186 234 1
-58 -139 2
132 68 3
-45 -166 2
-50 -161 2
-84 -135 2
-66 -147 2
-67 -153 2
136 54 3
164 98 3
162 54 3
162 42 3
-181 220 1
-219 207 1
-184 249 1
163 71 3
-182 222 1
-197 225 1
166 91 3
-66 -145 2
-66 -177 2
-64 -161 2
149 91 3
148 65 3
149 91 3
-158 215 1
-48 -151 2
-187 184 1
-216 231 1
-207 215 1
-201 209 1
160 48 3
-46 -144 2
145 72 3
-205 199 1
156 83 3
144 78 3
-179 216 1
-52 -173 2
177 75 3
-69 -108 2
-192 201 1
-52 -141 2
-78 -143 2
-218 221 1
-55 -138 2
156 84 3
-201 206 1
-201 159 1
-205 210 1
-52 -174 2
-70 -158 2
148 69 3
-230 235 1
149 66 3
-176 205 1
-237 228 1
134 70 3
147 81 3
160 76 3
-221 232 1
154 49 3
-55 -166 2
-50 -117 2
-192 197 1
-44 -146 2
148 77 3
148 100 3
-205 208 1
155 90 3
157 76 3
-65 -140 2
143 84 3
134 82 3
-186 236 1
-206 246 1
-185 226 1
-59 -133 2
-66 -149 2
137 56 3
-51 -155 2
-208 215 1
-197 214 1
-71 -145 2
-179 210 1
-186 186 1
125 64 3
-47 -153 2
-54 -169 2
-209 227 1
-182 218 1
144 59 3
-238 262 1
-208 240 1
143 72 3
-185 210 1
-55 -170 2
-79 -182 2
-64 -179 2
-69 -165 2
-54 -160 2
-194 203 1
-73 -116 2
179 80 3
-67 -154 2
-184 201 1
160 90 3
-33 -176 2
-211 229 1
159 80 3
150 51 3
-31 -180 2
142 84 3
152 70 3
-369 95 3
-194 221 1
-196 235 1
-199 237 1
-56 -139 2
-37 -155 2
-212 228 1
-60 -127 2
150 61 3
-199 240 1
159 64 3
-36 -171 2
-54 -144 2
-208 237 1
-91 -115 2
145 89 3
145 69 3
-206 239 1
-55 -159 2
-64 -148 2
-207 207 1
-45 -162 2
-216 214 1
-45 -127 2
-42 -177 2
-185 224 1
160 55 3
146 50 3
-229 207 1
-213 206 1
-199 192 1
-66 -145 2
16 242 1
153 68 3
160 68 3
142 57 3
-64 -149 2
-87 -128 2
-166 226 1
-211 232 1
-210 258 1
144 64 3
153 86 3
-74 -146 2
149 82 3
-62 -143 2
-49 -165 2
-169 240 1
145 66 3
155 80 3
-194 202 1
156 84 3
-87 -152 2
149 67 3
140 71 3
152 68 3
155 73 3
149 84 3
-50 -146 2
161 63 3
164 84 3
125 50 3
142 71 3
-80 -141 2
-83 -157 2
-48 -150 2
-54 -185 2
135 64 3
-204 236 1
-191 208 1
154 87 3
158 47 3
153 64 3
-211 231 1
-190 220 1
-42 -164 2
